# seq chunk_id status latency (trace-driven RTL run)
0 77 1 9
1 44 1 9
2 322 1 9
3 214 1 9
4 280 1 9
5 185 1 9
6 147 1 9
7 215 2 4
8 47 1 9
9 342 1 9
10 393 1 9
11 205 1 9
12 77 2 4
13 144 2 4
14 204 1 9
15 83 2 4
16 36 1 9
17 59 1 9
18 383 1 9
19 353 1 9
20 395 1 9
21 265 1 9
22 228 1 9
23 100 1 9
24 400 1 9
25 237 1 9
26 335 1 9
27 269 1 9
28 149 1 9
29 298 1 9
30 397 1 9
31 397 2 4
32 287 2 4
33 259 1 9
34 226 1 9
35 366 1 9
36 203 1 9
37 100 1 9
38 196 2 9
39 139 2 4
40 274 1 9
41 37 2 9
42 62 1 9
43 82 1 9
44 256 2 9
45 375 1 9
46 201 1 9
47 177 2 9
48 43 1 9
49 80 2 9
50 158 1 9
51 257 2 9
52 300 2 4
53 391 2 9
54 268 2 9
55 53 2 9
56 233 2 9
57 373 1 9
58 392 2 4
59 6 1 9
60 237 2 9
61 234 2 4
62 382 1 9
63 248 1 9
64 213 1 9
65 61 2 9
66 199 2 9
67 26 1 9
68 395 2 9
69 230 2 9
70 212 1 9
71 285 2 9
72 231 2 9
73 175 2 9
74 196 1 9
76 64 1 9
77 221 2 9
78 37 2 9
79 267 2 9
80 291 2 9
81 153 2 9
82 235 1 9
83 360 2 9
84 116 1 9
85 349 2 9
86 392 1 9
87 312 2 9
88 109 2 4
89 364 2 9
90 159 2 9
91 40 1 9
92 221 2 4
93 377 2 9
94 237 2 4
95 171 2 9
96 12 1 9
97 67 2 9
98 235 2 9
99 332 2 4
100 106 2 4
101 317 2 9
102 377 2 9
103 296 2 9
104 18 2 4
105 61 2 4
106 54 2 9
107 104 2 9
108 317 2 9
109 202 2 9
110 341 2 9
111 329 2 9
112 46 2 9
113 328 2 9
114 82 2 9
115 22 2 9
116 207 2 9
117 196 2 9
118 199 1 9
119 228 2 9
120 390 2 9
121 183 2 9
122 398 2 9
123 99 2 9
124 81 1 9
125 315 2 9
126 325 2 9
127 231 1 9
128 295 2 9
129 264 2 9
130 213 2 9
131 1 2 9
132 187 2 9
133 49 2 4
134 304 2 9
135 272 2 4
136 72 2 9
137 366 1 9
138 53 2 9
139 351 2 9
140 120 2 9
141 194 2 9
142 108 2 9
143 318 2 9
144 356 2 4
146 104 2 4
147 387 1 9
148 131 2 9
149 15 2 9
150 87 2 9
151 251 2 9
152 358 2 9
153 48 2 9
154 134 2 9
155 297 1 9
156 296 2 9
157 370 2 9
158 132 2 9
159 154 2 9
160 198 2 9
161 72 2 9
162 347 1 9
163 124 1 9
164 265 2 9
165 128 2 9
166 262 2 4
167 263 2 9
168 31 2 4
169 379 2 9
170 324 2 9
171 399 1 9
172 246 2 4
173 219 2 9
174 289 2 9
175 128 2 9
176 206 2 9
177 224 2 9
178 252 1 9
179 276 1 9
180 191 2 9
181 48 2 9
182 48 1 9
183 216 1 9
184 257 2 9
185 365 2 9
186 55 2 4
187 20 2 9
188 335 2 4
189 163 2 4
190 34 2 4
191 108 2 9
192 62 2 9
193 396 2 9
194 16 2 4
195 311 2 4
196 330 1 9
197 143 2 4
198 198 2 9
199 216 2 9
200 273 2 4
201 238 2 9
202 119 2 9
203 47 2 9
204 252 2 9
205 176 2 9
206 398 2 9
207 92 2 9
208 306 2 9
209 93 2 9
210 180 2 4
211 386 2 4
212 131 1 9
213 346 2 9
214 383 2 9
215 165 2 9
216 92 2 9
217 79 2 4
218 233 2 9
219 131 2 9
220 148 2 9
221 261 2 9
222 111 2 9
223 44 2 9
224 103 2 4
226 390 2 9
227 294 2 9
228 164 2 9
229 271 2 9
230 52 2 9
231 267 2 9
232 63 2 9
233 116 2 9
234 202 1 9
235 288 2 9
236 216 2 9
237 102 2 9
238 20 2 4
239 222 2 9
240 30 2 9
241 208 2 9
242 103 1 9
243 124 2 9
244 165 2 9
245 81 1 9
246 266 2 9
247 265 2 4
248 392 2 9
249 194 1 9
250 331 1 9
251 223 2 9
252 218 2 9
253 275 1 9
254 231 2 9
255 215 2 9
256 38 2 9
257 261 2 9
258 354 2 9
259 342 2 4
260 74 2 9
261 313 2 9
262 86 2 4
263 27 2 9
264 22 2 9
265 253 2 9
266 364 2 9
267 3 1 9
268 333 2 4
269 145 2 9
270 361 2 9
271 188 1 9
272 231 2 9
273 384 2 9
274 199 2 9
275 256 2 9
276 366 2 9
277 187 1 9
278 321 2 4
279 311 2 9
280 289 2 9
281 21 2 9
282 383 2 9
283 174 2 9
284 22 2 9
285 86 2 9
286 343 2 9
287 362 2 9
288 392 2 9
289 22 2 4
290 82 2 9
291 239 1 9
292 250 2 9
293 40 2 9
294 326 2 9
295 163 2 9
296 290 1 9
297 153 2 9
299 225 2 9
300 36 2 9
301 193 1 9
302 219 2 9
303 188 2 9
304 353 2 4
305 58 2 9
306 363 2 9
307 68 2 9
308 396 2 4
309 7 2 9
310 318 2 9
311 130 2 9
312 281 2 9
313 10 2 9
314 94 2 9
315 12 2 9
316 317 2 9
317 184 2 9
318 372 1 9
319 170 2 9
320 139 2 4
321 324 2 9
322 390 2 9
323 343 2 9
324 105 2 4
325 73 2 9
326 155 1 9
327 141 2 9
328 204 2 9
329 37 2 9
330 14 2 9
331 212 2 9
332 13 2 9
333 79 2 9
334 117 2 9
335 267 2 9
336 77 2 9
337 278 2 9
338 179 1 9
339 108 2 9
340 116 2 9
341 222 1 9
342 110 2 9
343 169 2 4
344 376 2 9
345 77 2 9
346 237 2 9
347 103 2 9
348 24 2 9
349 1 2 9
350 114 2 9
351 100 2 9
352 278 1 9
353 196 2 9
354 355 2 9
355 207 1 9
356 261 2 9
357 313 2 9
358 301 2 9
359 122 2 9
360 219 2 9
361 231 1 9
362 374 2 9
363 267 2 9
364 302 2 9
365 268 2 9
366 367 2 9
367 122 2 9
368 40 1 9
369 236 1 9
370 251 2 9
371 393 2 9
372 254 2 4
373 281 2 9
375 3 2 9
376 284 2 9
377 276 2 9
378 363 2 9
379 272 2 4
380 363 2 9
381 222 2 9
382 369 2 9
383 398 2 9
384 212 2 9
385 81 2 9
386 280 2 9
387 328 2 9
388 347 2 9
389 178 2 4
390 103 2 9
391 77 2 9
392 168 2 9
393 82 2 9
394 212 2 9
395 169 2 4
396 59 2 9
397 259 2 9
398 48 2 4
399 135 2 9
400 119 2 9
401 316 2 9
402 162 2 9
403 77 2 9
404 245 2 4
405 47 2 9
406 27 2 9
407 384 2 9
408 200 2 9
409 339 2 9
410 243 2 9
411 201 2 9
412 208 2 9
413 138 2 9
414 255 2 9
415 125 2 9
416 38 1 9
417 267 2 9
418 285 2 9
419 3 2 9
420 321 2 9
421 363 2 9
422 264 2 9
423 196 2 9
424 224 1 9
425 57 2 9
426 387 2 9
427 322 2 9
428 124 2 9
429 396 1 9
430 364 2 9
431 34 2 9
432 113 2 9
433 331 2 9
434 48 2 9
435 234 2 9
436 275 2 9
437 111 2 9
438 217 2 9
439 341 2 9
440 220 2 9
441 144 2 9
442 286 2 9
443 6 2 9
444 22 2 9
445 78 1 9
446 55 2 9
448 265 2 9
449 109 2 9
450 293 2 9
451 124 2 9
452 233 2 9
453 367 2 9
454 117 2 4
455 238 2 4
456 239 2 4
457 261 2 9
458 338 2 9
459 259 2 9
460 279 2 9
461 154 2 9
462 38 2 4
463 30 2 9
464 130 2 9
465 83 2 9
466 118 2 9
467 53 2 4
468 82 2 9
469 386 2 9
470 353 2 9
471 353 2 9
472 32 2 9
473 331 2 9
474 209 2 9
475 15 2 9
476 97 2 4
477 246 2 4
478 151 2 4
479 189 2 9
480 99 2 9
481 50 1 9
482 59 2 4
483 118 2 9
484 240 2 9
485 56 2 4
486 42 2 9
487 105 2 9
488 260 2 4
489 74 2 9
490 370 2 4
491 383 2 9
492 247 1 9
493 103 2 9
494 175 2 9
495 310 2 9
496 76 2 9
497 299 2 9
498 26 2 9
499 215 2 4
500 267 2 9
501 329 2 9
502 4 2 9
503 106 1 9
504 392 2 9
505 315 1 9
506 161 2 9
507 281 2 9
508 307 2 9
509 2 2 9
510 364 2 9
511 76 2 9
512 170 2 4
513 356 2 9
514 384 2 9
515 241 2 4
516 289 2 9
517 256 2 9
518 108 2 9
519 80 2 4
520 396 2 9
521 322 2 9
522 270 2 9
523 129 1 9
524 399 2 9
525 19 2 9
526 223 2 9
528 358 2 4
529 362 2 9
530 242 2 9
531 251 2 4
532 160 2 9
533 5 2 9
534 187 2 9
535 346 2 9
536 194 2 9
537 163 2 9
538 373 2 9
539 116 2 9
540 244 2 9
541 307 2 9
542 106 2 9
543 219 2 9
544 187 2 9
545 154 2 9
546 8 2 9
547 261 2 9
548 69 2 9
549 47 2 9
550 308 2 9
551 250 2 9
552 87 2 9
553 182 2 9
554 98 1 9
555 242 2 9
556 180 2 9
557 360 2 9
558 322 2 9
559 347 2 9
560 59 1 9
561 266 2 9
562 312 2 9
563 141 2 9
564 107 2 4
565 135 2 9
566 383 2 9
567 43 2 4
568 82 2 4
569 200 2 9
570 77 2 9
571 11 2 9
572 352 2 9
573 170 2 9
574 352 2 9
575 387 2 4
576 301 2 9
577 41 2 9
578 335 1 9
579 349 2 9
580 180 2 9
581 44 2 4
582 311 2 9
583 114 2 9
584 394 2 4
585 349 2 4
586 266 1 9
587 137 2 9
588 194 2 9
589 394 2 4
590 324 2 9
591 363 2 9
592 385 2 9
593 218 2 4
594 293 2 9
595 345 2 9
596 219 2 9
597 371 2 9
598 77 2 9
599 278 2 9
600 182 2 9
601 113 2 9
602 133 2 4
603 262 2 9
604 54 2 9
606 20 2 9
607 132 2 9
608 101 2 9
609 19 2 9
610 134 2 9
611 288 2 9
612 223 2 9
613 27 2 9
614 224 2 9
615 367 2 4
616 43 2 9
617 64 2 9
618 22 2 9
619 278 2 9
620 183 2 9
621 335 2 9
622 16 2 9
623 249 2 4
624 224 2 9
625 31 2 9
626 98 2 9
627 10 2 9
628 64 2 9
629 362 2 9
630 264 2 9
631 213 2 9
632 124 2 9
633 239 2 9
634 81 2 9
635 354 2 4
636 259 2 9
637 277 2 9
638 58 2 9
639 11 2 9
640 184 2 9
641 192 2 9
642 34 2 9
643 366 2 9
644 343 2 9
645 334 2 9
646 8 2 9
647 160 2 9
648 11 2 9
649 104 2 9
650 46 1 9
651 143 2 9
652 111 1 9
653 107 2 9
654 259 2 9
655 325 2 9
656 130 2 9
657 223 2 9
658 162 2 9
659 82 2 9
660 19 2 9
661 190 2 4
662 293 2 9
663 44 2 9
664 370 2 9
665 399 2 4
666 333 2 9
667 299 2 9
668 286 2 9
669 132 2 9
670 73 2 9
671 172 2 4
672 59 2 4
673 62 2 4
674 116 2 9
675 300 2 4
676 185 2 9
678 17 2 9
679 259 2 9
680 13 2 9
681 213 2 9
682 57 2 4
683 10 2 9
684 117 2 9
685 304 2 9
686 285 2 4
687 89 2 9
688 97 1 9
689 337 2 9
690 41 2 9
691 159 2 9
692 172 2 9
693 136 2 9
694 323 2 9
695 303 2 4
696 190 2 9
697 276 2 9
698 99 2 9
699 361 1 9
700 388 2 9
701 107 2 9
702 29 2 9
703 258 2 9
704 156 2 9
705 103 2 9
706 191 2 9
707 255 2 9
708 221 2 9
709 342 2 9
710 321 2 9
711 235 2 9
712 164 2 9
713 115 2 9
714 78 2 9
715 62 2 9
716 194 2 9
717 110 2 9
718 392 2 9
719 346 2 9
720 355 2 9
721 379 2 9
722 92 2 9
723 232 2 9
724 123 2 9
725 214 2 9
726 326 2 9
727 218 2 9
728 3 2 9
729 157 1 9
730 313 2 9
731 274 2 9
732 357 2 9
733 190 2 9
734 157 1 9
735 168 2 9
736 81 2 4
737 275 2 9
738 78 2 9
739 22 2 4
740 136 2 9
741 97 2 9
742 317 2 9
743 118 2 9
744 42 2 9
745 332 2 9
746 398 2 4
747 306 2 9
748 178 2 9
749 384 2 9
750 391 2 9
752 220 2 9
753 108 2 9
754 296 2 9
755 287 2 9
756 126 2 9
757 191 2 9
758 21 2 4
759 192 2 9
760 106 2 9
761 352 2 9
762 185 2 9
763 138 2 9
764 176 2 9
765 269 2 9
766 138 2 9
767 249 2 9
768 207 2 9
769 142 2 9
770 8 2 4
771 17 2 4
772 284 2 9
773 60 2 9
774 301 2 4
775 221 2 9
776 311 2 4
777 303 2 4
778 344 2 9
779 198 2 4
780 217 2 9
781 209 2 9
782 225 2 9
783 319 2 9
784 156 2 9
785 134 2 9
786 88 2 9
787 217 2 9
788 65 2 9
789 1 2 9
790 151 2 9
791 293 2 4
792 278 2 9
793 334 2 9
794 312 2 4
795 137 2 9
796 188 2 9
797 44 2 4
798 352 2 9
799 229 2 9
800 282 2 9
801 312 2 4
802 361 2 9
803 190 2 9
804 363 2 9
805 140 2 9
806 270 2 9
807 344 2 9
808 193 2 9
809 348 2 9
810 288 2 9
811 365 2 9
812 45 2 9
813 296 2 9
814 260 2 9
815 174 2 4
816 305 2 9
817 49 2 9
818 189 2 9
819 173 2 9
820 277 2 9
821 273 2 9
822 295 2 9
823 130 2 4
825 130 2 9
826 265 2 9
827 74 1 9
828 98 2 4
829 386 2 4
830 123 2 9
831 50 2 9
832 241 2 9
833 287 2 9
834 241 2 9
835 281 2 4
836 353 2 9
837 169 2 4
838 206 2 4
839 211 2 9
840 164 2 9
841 268 2 9
842 344 2 9
843 178 2 4
844 61 2 9
845 311 2 4
846 89 2 9
847 101 2 9
848 158 2 4
849 49 2 4
850 369 2 9
851 328 2 9
852 111 2 9
853 113 2 9
854 187 2 9
855 212 2 9
856 332 2 9
857 287 2 9
858 100 2 9
859 102 2 9
860 129 2 9
861 327 2 9
862 75 2 9
863 13 2 9
864 373 2 9
865 291 2 9
866 211 1 9
867 183 2 9
868 38 2 4
869 198 2 9
870 398 2 9
871 115 2 9
872 368 2 9
873 188 2 9
874 107 2 9
875 252 2 9
876 64 2 4
877 239 2 4
878 128 2 9
879 72 2 9
880 117 2 9
881 230 2 9
882 143 2 9
883 82 2 9
884 395 2 9
885 167 2 4
886 120 2 9
887 60 2 9
888 134 2 9
889 100 2 9
890 379 2 4
891 35 2 9
892 26 2 9
893 273 2 9
894 272 2 9
895 154 2 9
896 172 2 9
897 348 2 9
898 248 2 9
899 27 2 9
900 319 2 4
901 191 2 9
902 22 2 9
903 174 2 9
904 311 2 9
906 297 2 9
907 276 2 9
908 82 2 9
909 136 2 9
910 24 2 9
911 339 2 9
912 195 2 4
913 58 2 9
914 185 2 9
915 37 2 9
916 319 2 9
917 38 2 9
918 348 2 9
919 108 2 4
920 99 2 9
921 181 2 9
922 148 2 9
923 183 2 9
924 72 2 9
925 360 2 4
926 167 2 9
927 20 2 9
928 143 1 9
929 367 2 9
930 94 2 9
931 358 2 9
932 186 2 9
933 159 2 9
934 233 2 9
935 317 2 9
936 143 2 9
937 29 2 4
938 118 2 9
939 163 2 9
940 145 2 9
941 199 2 4
942 250 2 9
943 38 2 9
944 42 2 9
945 252 2 9
946 149 2 9
947 45 2 4
948 375 2 9
949 321 2 9
950 383 2 9
951 312 2 9
952 214 1 9
953 178 2 9
954 78 2 9
955 96 2 9
956 158 2 9
957 271 2 9
958 242 2 4
959 286 2 4
960 135 2 4
961 177 2 9
962 289 2 9
963 171 2 9
964 259 2 9
965 76 2 9
966 261 2 9
967 382 2 9
968 260 2 9
969 364 2 4
970 238 2 9
971 81 2 9
972 105 2 9
973 152 2 9
974 348 2 4
975 286 2 9
976 116 2 9
977 40 2 4
979 277 2 9
980 333 2 9
981 54 2 9
982 144 2 9
983 274 2 9
984 307 2 9
985 357 2 4
986 241 2 4
987 384 2 9
988 31 2 9
989 2 2 9
990 22 2 9
991 251 2 9
992 192 2 9
993 185 2 9
994 28 2 9
995 126 2 9
996 127 2 9
997 216 2 9
998 37 2 4
999 78 2 9
1000 278 2 9
1001 142 2 9
1002 391 2 9
1003 4 2 9
1004 280 2 9
1005 347 2 9
1006 360 2 9
1007 339 2 9
1008 249 2 9
1009 273 2 9
1010 74 2 9
1011 40 2 9
1012 268 2 9
1013 365 2 9
1014 123 2 9
1015 282 2 9
1016 203 2 9
1017 89 2 9
1018 14 2 4
1019 310 2 9
1020 385 2 9
1021 400 1 9
1022 288 2 9
1023 269 2 9
1024 355 2 4
1025 365 2 9
1026 326 2 9
1027 208 2 9
1028 185 2 9
1029 325 2 9
1030 223 2 9
1031 168 2 4
1032 25 2 9
1033 376 2 9
1034 77 2 9
1035 161 2 9
1036 12 2 9
1037 174 2 4
1038 289 2 9
1039 134 1 9
1040 172 2 9
1041 397 2 9
1042 140 2 9
1043 8 2 9
1044 249 2 4
1045 78 2 9
1046 164 2 9
1047 269 2 9
1048 175 2 9
1049 149 2 9
1050 89 2 9
1051 213 2 9
1052 332 1 9
1053 117 2 9
1054 243 2 9
1055 193 2 9
1056 158 2 9
1057 358 2 9
1058 77 2 9
1059 162 2 4
1061 366 2 9
1062 205 2 9
1063 269 2 9
1064 361 2 9
1065 217 1 9
1066 2 2 9
1067 292 2 9
1068 278 1 9
1069 249 2 9
1070 189 2 9
1071 268 2 4
1072 185 2 9
1073 93 2 9
1074 271 2 9
1075 277 2 4
1076 282 2 9
1077 209 2 9
1078 99 2 9
1079 147 2 4
1080 296 2 9
1081 79 2 9
1082 385 1 9
1083 176 2 9
1084 145 2 4
1085 118 1 9
1086 46 2 9
1087 381 2 9
1088 39 2 9
1089 312 2 9
1090 117 2 9
1091 38 2 9
1092 161 2 9
1093 77 2 9
1094 71 2 9
1095 67 2 9
1096 158 2 9
1097 388 2 9
1098 145 2 9
1099 372 2 9
1100 156 2 9
1101 93 2 9
1102 320 2 9
1103 317 2 9
1104 383 2 9
1105 81 2 9
1106 367 2 9
1107 350 2 9
1108 336 2 9
1109 373 2 4
1110 171 2 9
1111 206 2 9
1112 72 2 4
1113 66 2 9
1114 6 2 9
1115 131 2 9
1116 162 2 9
1117 136 2 9
1118 213 2 9
1119 6 2 4
1120 283 2 9
1121 102 2 9
1122 305 2 9
1123 365 2 9
1124 207 2 4
1125 294 2 9
1126 332 2 9
1127 291 2 4
1128 33 2 9
1129 161 2 9
1130 204 2 9
1131 252 2 9
1132 90 2 9
1133 383 2 9
1134 78 2 9
1135 341 2 9
1136 1 2 9
1138 192 2 9
1139 144 2 9
1140 342 2 9
1141 176 2 9
1142 219 2 9
1143 355 2 9
1144 222 2 9
1145 208 2 9
1146 216 2 9
1147 310 2 9
1148 244 2 9
1149 250 2 9
1150 151 2 9
1151 381 2 9
1152 273 2 4
1153 90 2 9
1154 360 2 9
1155 85 2 9
1156 374 2 9
1157 97 2 9
1158 71 2 9
1159 360 2 9
1160 279 2 9
1161 222 2 9
1162 260 2 9
1163 13 2 9
1164 384 2 9
1165 258 2 9
1166 331 2 9
1167 75 2 9
1168 360 2 4
1169 215 2 9
1170 379 2 9
1171 336 2 9
1172 157 2 9
1173 206 2 4
1174 121 2 9
1175 374 2 9
1176 267 2 9
1177 121 2 4
1178 244 2 9
1179 189 2 9
1180 98 2 4
1181 213 2 4
1182 305 2 9
1183 61 2 9
1184 80 2 9
1185 170 2 4
1186 91 2 9
1187 132 2 9
1188 250 2 9
1189 331 2 9
1190 277 2 9
1191 311 2 9
1192 399 2 9
1193 316 2 9
1194 162 2 9
1195 308 2 9
1196 296 2 9
1197 98 2 9
1198 57 2 4
1199 239 2 4
1200 140 1 9
1201 138 2 9
1202 163 2 4
1203 346 2 9
1204 360 2 9
1205 93 2 9
1206 251 2 9
1207 387 2 9
1208 2 2 9
1209 173 2 9
1211 119 2 9
1212 32 2 9
1213 94 2 9
1214 44 2 9
1215 347 2 9
1216 340 2 9
1217 162 2 9
1218 2 2 9
1219 204 2 9
1220 12 2 9
1221 235 2 9
1222 183 2 9
1223 221 2 9
1224 87 2 9
1225 292 2 9
1226 141 2 9
1227 12 2 4
1228 175 2 4
1229 91 2 9
1230 129 2 9
1231 259 1 9
1232 145 2 9
1233 262 2 9
1234 67 2 9
1235 398 2 9
1236 260 2 9
1237 379 2 9
1238 103 2 9
1239 221 2 9
1240 232 2 9
1241 351 2 9
1242 399 2 9
1243 48 2 9
1244 57 2 9
1245 334 2 9
1246 237 2 9
1247 204 1 9
1248 344 2 9
1249 132 2 9
1250 322 1 9
1251 248 2 9
1252 290 2 9
1253 184 2 9
1254 289 2 9
1255 56 2 9
1256 50 2 9
1257 237 2 9
1258 150 2 9
1259 193 2 9
1260 75 2 4
1261 125 2 9
1262 150 2 9
1263 71 2 9
1264 146 2 9
1265 55 2 9
1266 135 2 9
1267 260 2 9
1268 254 2 9
1269 342 2 4
1270 360 2 9
1271 52 2 9
1272 32 2 9
1273 293 2 9
1274 130 2 9
1275 174 2 9
1276 352 2 9
1277 349 2 9
1278 94 2 9
1279 294 2 9
1280 262 2 9
1281 102 2 9
1282 250 2 9
1283 70 2 4
1285 87 2 9
1286 258 2 4
1287 295 2 9
1288 42 2 9
1289 98 2 9
1290 351 2 9
1291 46 2 4
1292 374 2 9
1293 389 2 9
1294 382 2 9
1295 225 2 9
1296 381 2 9
1297 211 2 9
1298 295 2 9
1299 104 2 9
1300 82 2 9
1301 389 2 9
1302 365 2 9
1303 383 2 9
1304 282 2 9
1305 14 2 9
1306 145 2 4
1307 338 2 9
1308 131 2 9
1309 15 2 9
1310 357 2 9
1311 99 2 9
1312 246 2 9
1313 145 2 9
1314 380 2 4
1315 350 2 4
1316 398 2 9
1317 288 2 9
1318 33 2 9
1319 12 2 4
1320 19 2 9
1321 24 2 9
1322 22 2 9
1323 234 2 9
1324 266 2 9
1325 294 2 9
1326 102 2 9
1327 360 2 4
1328 78 2 9
1329 11 2 9
1330 294 2 9
1331 366 2 9
1332 67 2 9
1333 63 1 9
1334 1 2 9
1335 202 2 9
1336 364 2 9
1337 165 2 9
1338 127 2 9
1339 162 2 9
1340 30 2 9
1341 400 2 9
1342 139 2 9
1343 289 2 9
1344 25 2 4
1345 273 2 9
1346 18 2 9
1347 86 2 9
1348 158 2 9
1349 92 2 9
1350 46 2 9
1351 81 2 9
1352 241 2 9
1353 17 2 9
1354 353 2 4
1355 306 1 9
1356 380 2 9
1357 154 1 9
1358 198 2 9
1359 302 2 9
1360 227 2 9
1362 4 2 9
1363 197 2 9
1364 341 2 9
1365 334 2 9
1366 147 2 9
1367 107 2 9
1368 50 2 9
1369 172 2 9
1370 46 2 9
1371 43 2 9
1372 75 2 9
1373 46 2 9
1374 282 2 9
1375 361 2 9
1376 330 2 4
1377 174 2 9
1378 57 2 9
1379 129 2 9
1380 351 2 9
1381 273 2 9
1382 233 2 9
1383 108 2 9
1384 178 2 9
1385 254 2 9
1386 108 2 9
1387 230 2 9
1388 301 2 9
1389 126 1 9
1390 179 2 9
1391 235 2 9
1392 316 2 4
1393 114 2 9
1394 105 1 9
1395 381 2 9
1396 304 2 9
1397 280 2 9
1398 87 2 9
1399 238 2 4
1400 164 2 9
1401 59 2 9
1402 268 1 9
1403 1 2 9
1404 214 2 9
1405 104 2 9
1406 392 2 4
1407 113 2 9
1408 150 2 9
1409 270 2 9
1410 20 2 4
1411 358 2 9
1412 277 2 9
1413 342 2 4
1414 348 2 9
1415 241 2 9
1416 336 2 9
1417 326 2 4
1418 357 2 4
1419 6 2 9
1420 228 2 9
1421 59 2 9
1422 387 2 9
1423 39 2 9
1424 66 2 9
1425 62 2 9
1426 334 2 9
1427 132 2 9
1428 249 2 9
1429 222 2 9
1430 365 2 9
1431 121 2 9
1432 349 2 4
1433 355 2 9
1434 76 2 9
1435 44 2 4
1436 364 2 9
1437 102 2 9
1438 7 2 9
1439 344 2 9
1440 119 2 9
1441 280 2 9
1442 393 2 9
1443 168 2 9
1445 164 2 9
1446 19 2 9
1447 390 2 9
1448 105 2 9
1449 164 2 9
1450 358 2 9
1451 366 2 4
1452 67 2 9
1453 66 2 9
1454 188 2 9
1455 368 2 9
1456 369 2 9
1457 112 2 9
1458 90 2 9
1459 78 2 9
1460 190 2 9
1461 303 2 9
1462 239 2 9
1463 129 2 9
1464 282 2 9
1465 103 2 4
1466 274 2 9
1467 26 2 9
1468 18 2 9
1469 286 2 9
1470 279 2 9
1471 400 2 9
1472 314 2 9
1473 42 2 9
1474 33 2 9
1475 372 2 9
1476 27 2 9
1477 6 2 9
1478 311 2 4
1479 338 2 4
1480 377 2 9
1481 357 2 9
1482 88 2 9
1483 210 2 9
1484 53 2 9
1485 190 2 9
1486 96 2 9
1487 325 2 9
1488 299 2 9
1489 31 2 9
1490 319 2 9
1491 342 2 9
1492 120 2 4
1493 34 2 9
1494 243 2 9
1495 136 2 9
1496 386 2 4
1497 157 2 9
1498 130 2 9
1499 153 2 9
1500 260 2 9
1501 80 2 4
1502 8 2 9
1503 250 2 9
1504 113 2 9
1505 138 2 9
1506 360 2 9
1507 355 2 9
1508 226 2 9
1509 193 1 9
1510 24 2 9
1511 384 2 9
1512 119 2 9
1513 336 2 4
1514 39 2 9
1515 232 2 9
1516 304 2 9
1517 331 2 9
1518 294 2 9
1519 243 2 9
1520 378 2 9
1522 168 2 9
1523 280 2 9
1524 152 2 9
1525 245 2 9
1526 23 2 9
1527 2 2 9
1528 331 2 4
1529 149 2 9
1530 97 2 9
1531 350 2 9
1532 194 2 9
1533 247 2 9
1534 314 2 9
1535 302 2 9
1536 295 2 9
1537 339 2 9
1538 79 2 9
1539 224 2 9
1540 280 2 4
1541 183 2 9
1542 96 2 9
1543 185 2 9
1544 79 2 9
1545 341 2 9
1546 200 2 9
1547 293 2 9
1548 148 2 9
1549 396 2 9
1550 88 2 9
1551 15 2 9
1552 336 2 9
1553 259 2 9
1554 31 2 9
1555 368 2 4
1556 113 2 9
1557 174 2 9
1558 106 1 9
1559 95 2 9
1560 359 2 9
1561 368 2 9
1562 328 2 9
1563 41 2 9
1564 207 2 9
1565 263 2 4
1566 383 2 9
1567 84 2 9
1568 119 2 9
1569 147 2 9
1570 207 2 9
1571 50 2 4
1572 186 2 4
1573 344 2 9
1574 217 2 9
1575 191 2 9
1576 221 2 9
1577 173 2 9
1578 205 2 9
1579 364 2 9
1580 71 2 9
1581 329 2 9
1582 11 2 9
1583 134 2 9
1584 358 2 9
1585 150 2 9
1586 359 2 9
1587 21 2 9
1588 215 2 9
1589 207 2 9
1590 105 2 9
1591 372 2 9
1592 205 2 9
1593 16 2 9
1594 1 2 4
1595 359 2 9
1596 278 2 9
1597 6 2 9
1599 65 2 9
1600 368 2 9
1601 249 2 9
1602 5 2 9
1603 354 2 9
1604 128 2 9
1605 32 2 9
1606 354 2 9
1607 56 2 9
1608 140 2 9
1609 87 2 9
1610 306 2 9
1611 102 2 4
1612 109 2 9
1613 294 2 4
1614 80 2 9
1615 168 2 4
1616 248 2 4
1617 221 2 9
1618 351 2 9
1619 335 2 9
1620 399 2 9
1621 211 2 9
1622 310 2 9
1623 23 2 9
1624 311 2 9
1625 363 2 9
1626 205 2 4
1627 128 2 9
1628 25 2 9
1629 185 1 9
1630 254 2 9
1631 119 2 9
1632 234 2 9
1633 342 2 9
1634 121 2 9
1635 349 2 9
1636 215 2 9
1637 185 1 9
1638 153 2 9
1639 232 2 9
1640 6 2 9
1641 306 2 4
1642 207 2 9
1643 247 2 9
1644 16 1 9
1645 270 2 9
1646 270 2 4
1647 178 2 9
1648 255 2 4
1649 102 2 9
1650 283 2 9
1651 306 2 9
1652 46 2 9
1653 395 2 9
1654 136 2 9
1655 326 2 9
1656 109 2 9
1657 258 2 9
1658 234 2 4
1659 324 2 9
1660 184 2 9
1661 49 2 9
1662 196 2 4
1663 127 2 9
1664 126 2 9
1665 181 2 4
1666 43 2 9
1667 375 2 9
1668 186 2 9
1669 151 2 9
1670 269 2 9
1671 43 2 9
1672 217 2 9
1673 304 2 9
1674 133 2 9
1676 142 2 9
1677 133 2 9
1678 18 2 9
1679 72 2 9
1680 213 2 9
1681 351 2 9
1682 241 2 9
1683 294 2 9
1684 303 2 9
1685 169 2 9
1686 53 2 4
1687 51 2 9
1688 100 2 9
1689 227 2 9
1690 247 2 9
1691 95 2 9
1692 209 2 9
1693 225 2 9
1694 220 2 4
1695 367 2 9
1696 344 2 9
1697 259 2 9
1698 183 2 9
1699 74 2 9
1700 215 2 4
1701 98 2 4
1702 199 2 9
1703 281 2 9
1704 197 2 9
1705 142 2 9
1706 48 2 9
1707 76 2 9
1708 256 2 9
1709 255 2 9
1710 388 2 9
1711 65 2 9
1712 183 2 9
1713 45 2 9
1714 97 2 4
1715 370 2 9
1716 204 2 4
1717 226 2 9
1718 84 2 9
1719 246 2 9
1720 116 2 9
1721 172 2 9
1722 164 2 9
1723 242 2 9
1724 202 2 9
1725 26 2 9
1726 168 2 9
1727 106 2 9
1728 337 2 9
1729 245 2 9
1730 338 2 9
1731 379 2 4
1732 47 2 9
1733 217 2 9
1734 396 2 9
1735 370 2 4
1736 89 2 9
1737 221 2 9
1738 369 2 9
1739 109 2 9
1740 64 2 9
1741 59 2 9
1742 4 2 9
1743 45 2 9
1744 212 2 9
1745 17 2 9
1746 306 2 9
1747 43 2 4
1748 369 2 9
1749 176 2 9
1750 367 2 9
1751 35 2 9
1752 273 2 9
1753 16 2 9
1755 239 2 9
1756 53 2 9
1757 300 2 9
1758 88 2 9
1759 124 2 9
1760 114 2 9
1761 175 2 9
1762 182 2 9
1763 225 2 9
1764 362 2 9
1765 42 2 9
1766 324 1 9
1767 306 2 9
1768 90 2 9
1769 257 2 9
1770 181 2 4
1771 260 2 9
1772 317 2 9
1773 144 2 4
1774 171 2 4
1775 23 2 9
1776 358 2 9
1777 265 2 9
1778 24 2 9
1779 140 2 9
1780 207 2 4
1781 4 2 9
1782 55 2 9
1783 20 2 9
1784 248 2 9
1785 71 2 9
1786 385 2 9
1787 139 2 9
1788 61 2 9
1789 64 2 4
1790 256 2 9
1791 121 2 9
1792 26 2 9
1793 153 2 9
1794 391 2 9
1795 300 2 9
1796 3 2 9
1797 59 2 9
1798 41 2 9
1799 310 2 9
1800 307 2 9
1801 241 2 9
1802 314 2 9
1803 196 2 4
1804 345 2 9
1805 302 2 9
1806 125 2 9
1807 363 2 9
1808 258 2 9
1809 99 2 9
1810 34 2 9
1811 389 2 9
1812 134 2 9
1813 100 2 9
1814 301 2 9
1815 8 2 9
1816 381 2 9
1817 183 2 9
1818 171 2 9
1819 93 2 9
1820 315 2 9
1821 45 2 9
1822 222 2 9
1823 89 2 9
1824 102 2 9
1825 218 2 4
1826 248 2 9
1827 7 2 9
1828 57 2 4
1829 322 2 9
1830 202 2 9
1831 178 2 9
1833 120 2 9
1834 206 2 9
1835 215 2 9
1836 287 2 9
1837 189 2 4
1838 306 2 9
1839 228 2 9
1840 224 2 9
1841 222 2 9
1842 344 2 9
1843 77 2 9
1844 366 2 9
1845 389 2 9
1846 174 2 9
1847 162 2 4
1848 392 2 9
1849 136 2 9
1850 223 2 9
1851 19 2 9
1852 69 2 9
1853 94 2 4
1854 91 1 9
1855 237 2 9
1856 103 2 9
1857 242 2 9
1858 316 2 9
1859 47 2 9
1860 217 2 9
1861 5 2 4
1862 340 2 9
1863 75 2 9
1864 148 2 9
1865 260 2 9
1866 266 2 9
1867 156 2 9
1868 196 2 9
1869 200 2 4
1870 370 2 9
1871 162 2 9
1872 178 2 9
1873 164 2 9
1874 132 2 9
1875 352 2 9
1876 242 2 9
1877 377 2 9
1878 339 2 9
1879 118 2 9
1880 326 2 9
1881 135 2 9
1882 108 2 9
1883 295 2 9
1884 108 2 9
1885 152 2 9
1886 379 2 9
1887 171 2 9
1888 305 2 4
1889 308 2 9
1890 171 2 9
1891 81 2 9
1892 29 2 9
1893 49 2 9
1894 19 2 9
1895 21 2 9
1896 155 2 9
1897 64 2 9
1898 22 2 9
1899 198 2 9
1900 283 2 9
1901 90 2 9
1902 93 2 9
1903 273 2 9
1904 133 2 4
1905 267 2 9
1907 163 2 9
1908 120 2 4
1909 377 2 9
1910 89 2 4
1911 6 2 9
1912 34 2 9
1913 352 2 9
1914 285 2 9
1915 84 2 9
1916 58 2 4
1917 391 2 4
1918 93 2 4
1919 62 2 4
1920 103 2 9
1921 98 2 9
1922 46 2 9
1923 381 2 9
1924 269 2 9
1925 180 2 9
1926 191 2 9
1927 176 2 9
1928 214 2 9
1929 214 2 9
1930 267 2 9
1931 143 2 9
1932 312 2 9
1933 208 2 9
1934 393 2 9
1935 26 2 9
1936 63 2 9
1937 58 2 9
1938 212 2 9
1939 371 2 9
1940 231 2 9
1941 74 2 9
1942 60 2 9
1943 226 2 9
1944 336 2 9
1945 215 2 4
1946 24 2 9
1947 17 2 9
1948 294 2 9
1949 364 2 9
1950 336 2 4
1951 121 2 4
1952 11 2 9
1953 278 2 9
1954 99 2 9
1955 371 2 9
1956 119 2 9
1957 184 2 9
1958 46 2 9
1959 167 2 9
1960 164 2 9
1961 269 2 9
1962 155 2 9
1963 65 2 9
1964 82 2 9
1965 256 2 9
1966 246 2 9
1967 400 2 4
1968 314 2 9
1969 104 2 9
1970 296 2 9
1971 28 2 9
1972 274 2 9
1973 85 2 4
1974 231 2 9
1975 28 2 9
1977 184 2 9
1978 373 2 9
1979 65 2 9
1980 130 2 9
1981 125 2 9
1982 126 2 9
1983 6 2 9
1984 244 2 4
1985 53 2 9
1986 222 2 9
1987 96 2 9
1988 271 2 9
1989 275 2 9
1990 332 2 9
1991 111 2 4
1992 140 2 9
1993 362 2 9
1994 9 2 9
1995 165 2 9
1996 11 2 9
1997 364 2 9
1998 359 2 9
1999 227 1 9
2000 380 2 9
2001 266 2 9
2002 55 2 9
2003 13 2 9
2004 320 2 9
2005 125 2 9
2006 4 2 9
2007 302 2 9
2008 14 2 9
2009 334 2 9
2010 310 2 9
2011 273 2 9
2012 110 2 9
2013 149 2 9
2014 129 2 9
2015 65 2 9
2016 240 2 9
2017 344 2 4
2018 225 2 9
2019 56 2 9
2020 91 2 9
2021 356 2 9
2022 82 2 9
2023 284 2 4
2024 81 2 4
2025 270 2 9
2026 21 2 9
2027 217 2 9
2028 101 2 9
2029 29 2 9
2030 348 2 9
2031 365 1 9
2032 217 2 9
2033 228 2 9
2034 355 2 9
2035 292 2 4
2036 132 2 9
2037 58 2 4
2038 378 2 4
2039 301 2 9
2040 27 2 9
2041 48 2 9
2042 257 2 9
2043 61 2 9
2044 399 2 4
2045 119 2 9
2046 74 2 9
2047 128 2 9
2048 192 2 9
2049 46 2 9
2050 235 2 9
2051 375 2 9
2052 57 2 9
2053 243 2 9
2054 92 2 4
2055 233 2 9
2056 286 2 9
2057 386 2 9
2058 244 2 9
2059 60 2 9
2060 305 2 9
2061 384 2 9
2062 363 2 9
2064 344 2 9
2065 166 2 9
2066 121 2 9
2067 259 2 9
2068 83 2 4
2069 306 2 9
2070 131 2 9
2071 208 2 9
2072 400 2 9
2073 67 2 4
2074 104 2 9
2075 98 2 9
2076 151 2 4
2077 394 2 9
2078 154 2 9
2079 143 2 9
2080 289 2 9
2081 69 2 9
2082 242 2 9
2083 17 2 9
2084 40 2 4
2085 14 2 9
2086 229 2 4
2087 379 2 9
2088 399 1 9
2089 148 2 9
2090 250 2 9
2091 156 2 9
2092 165 2 4
2093 118 2 9
2094 159 2 9
2095 111 2 9
2096 114 1 9
2097 343 2 9
2098 359 2 9
2099 6 2 9
2100 86 2 9
2101 275 2 9
2102 324 2 9
2103 191 2 9
2104 364 2 9
2105 319 2 9
2106 51 2 9
2107 242 2 9
2108 225 2 4
2109 387 2 9
2110 0 2 9
2111 390 2 9
2112 381 2 9
2113 390 2 9
2114 153 2 9
2115 120 2 4
2116 146 2 9
2117 233 2 9
2118 47 2 9
2119 144 2 9
2120 14 2 9
2121 48 2 9
2122 303 2 9
2123 87 2 9
2124 101 2 9
2125 265 2 9
2126 160 2 9
2127 316 2 4
2128 256 2 9
2129 97 2 4
2130 63 2 9
2131 322 2 9
2132 302 2 4
2133 312 2 9
2134 251 2 9
2135 251 2 9
2136 8 2 9
2137 175 2 9
2138 386 2 9
2139 256 2 9
2140 65 2 9
2141 160 2 9
2142 229 2 9
2143 41 2 9
2145 235 2 9
2146 145 2 9
2147 59 2 9
2148 332 2 9
2149 323 2 4
2150 145 2 9
2151 333 2 9
2152 157 2 9
2153 35 2 9
2154 126 2 9
2155 244 2 9
2156 141 2 9
2157 212 2 9
2158 287 2 9
2159 250 2 9
2160 46 2 9
2161 39 2 9
2162 58 2 9
2163 152 2 9
2164 380 2 9
2165 366 2 9
2166 26 2 9
2167 92 2 9
2168 342 2 4
2169 56 2 9
2170 136 2 9
2171 287 2 9
2172 299 2 9
2173 289 2 9
2174 107 2 9
2175 155 2 4
2176 90 2 4
2177 153 2 9
2178 66 2 4
2179 0 2 9
2180 197 2 9
2181 256 2 9
2182 167 2 9
2183 278 2 9
2184 291 2 9
2185 314 2 9
2186 322 2 9
2187 299 2 9
2188 127 2 9
2189 55 2 9
2190 387 2 4
2191 28 2 4
2192 352 2 9
2193 279 2 9
2194 298 2 9
2195 151 2 9
2196 354 2 9
2197 388 2 4
2198 297 2 9
2199 220 2 9
2200 269 2 9
2201 161 2 9
2202 257 2 9
2203 33 2 4
2204 42 2 9
2205 241 2 9
2206 245 2 9
2207 291 2 9
2208 265 2 9
2209 175 2 9
2210 62 2 4
2211 301 2 9
2212 164 2 9
2213 125 2 4
2214 280 2 9
2215 76 2 9
2216 293 2 9
2217 394 2 9
2219 326 2 9
2220 255 2 4
2221 152 2 9
2222 157 2 9
2223 148 2 9
2224 346 2 9
2225 59 2 9
2226 334 2 9
2227 206 2 9
2228 83 2 9
2229 241 2 9
2230 220 2 9
2231 167 2 9
2232 155 2 9
2233 142 2 9
2234 229 2 9
2235 242 2 9
2236 67 2 9
2237 298 2 4
2238 7 2 9
2239 94 2 9
2240 108 2 9
2241 168 2 9
2242 261 2 4
2243 294 2 9
2244 312 2 9
2245 396 2 9
2246 282 2 9
2247 35 2 4
2248 364 2 9
2249 374 2 9
2250 33 2 9
2251 17 2 9
2252 283 2 9
2253 260 2 9
2254 286 2 9
2255 45 2 9
2256 314 2 9
2257 48 2 4
2258 229 2 9
2259 400 2 9
2260 233 2 4
2261 224 2 9
2262 108 2 4
2263 314 2 4
2264 385 2 9
2265 135 2 9
2266 269 2 9
2267 242 2 9
2268 373 2 9
2269 168 2 9
2270 182 2 9
2271 243 2 9
2272 243 2 4
2273 61 2 9
2274 79 1 9
2275 368 2 9
2276 311 2 9
2277 77 2 9
2278 347 2 9
2279 130 2 9
2280 396 2 9
2281 162 2 9
2282 387 2 9
2283 57 2 9
2284 211 2 9
2285 115 2 9
2286 274 2 9
2287 223 2 9
2288 287 2 9
2290 162 2 4
2291 68 2 9
2292 21 2 9
2293 379 2 9
2294 106 2 4
2295 205 2 9
2296 63 2 9
2297 291 2 9
2298 315 2 4
2299 105 2 4
2300 21 2 9
2301 85 2 9
2302 326 2 9
2303 11 2 9
2304 349 2 9
2305 109 2 9
2306 263 2 9
2307 93 2 9
2308 84 2 9
2309 58 2 9
2310 308 2 9
2311 342 2 4
2312 214 2 9
2313 220 2 9
2314 286 2 4
2315 262 2 9
2316 185 2 9
2317 278 2 9
2318 15 2 9
2319 399 2 9
2320 296 2 9
2321 367 2 9
2322 286 2 4
2323 156 2 9
2324 184 2 9
2325 115 2 4
2326 126 2 9
2327 345 2 9
2328 34 2 9
2329 327 2 4
2330 87 2 9
2331 38 2 4
2332 296 2 9
2333 248 2 9
2334 373 2 9
2335 31 2 9
2336 357 2 9
2337 40 2 9
2338 68 2 9
2339 42 2 9
2340 245 2 9
2341 183 2 9
2342 289 2 9
2343 319 2 9
2344 384 2 4
2345 313 2 9
2346 301 2 9
2347 85 2 9
2348 398 2 9
2349 206 2 9
2350 345 2 9
2351 273 2 9
2352 76 2 9
2353 191 2 9
2354 77 2 9
2355 159 2 9
2356 102 2 9
2357 199 2 9
2358 225 2 9
2359 79 2 9
2360 100 2 9
2362 341 2 9
2363 381 2 9
2364 287 2 9
2365 6 2 9
2366 300 2 9
2367 388 2 4
2368 143 2 4
2369 337 2 9
2370 312 2 9
2371 331 2 9
2372 76 2 9
2373 286 2 9
2374 1 2 9
2375 272 2 9
2376 231 2 9
2377 111 1 9
2378 355 2 4
2379 65 2 9
2380 68 1 9
2381 228 2 4
2382 363 2 9
2383 27 2 4
2384 11 2 9
2385 379 2 9
2386 307 2 9
2387 187 2 9
2388 80 2 9
2389 391 2 9
2390 348 2 9
2391 146 2 9
2392 117 2 9
2393 138 2 9
2394 297 2 9
2395 85 2 4
2396 18 2 9
2397 0 2 9
2398 283 2 9
2399 308 2 9
2400 298 2 9
2401 192 2 9
2402 9 2 9
2403 304 2 9
2404 360 2 9
2405 357 2 9
2406 327 2 9
2407 135 2 9
2408 33 2 9
2409 181 2 9
2410 199 2 4
2411 370 2 9
2412 123 2 4
2413 29 2 9
2414 257 2 9
2415 186 2 9
2416 147 2 9
2417 143 2 9
2418 293 2 9
2419 127 2 9
2420 106 2 4
2421 284 2 9
2422 9 2 9
2423 26 2 9
2424 315 2 9
2425 139 2 9
2426 78 2 9
2427 22 2 4
2428 290 2 9
2429 153 2 9
2430 375 2 4
2431 359 2 9
2432 325 2 9
2433 324 2 9
2434 240 2 4
2435 110 2 9
2436 44 2 9
2437 12 2 9
2438 54 2 9
2439 177 2 9
2440 216 2 9
2441 62 2 9
2442 175 2 9
2443 357 2 9
2444 242 2 9
2445 91 2 9
2447 78 2 4
2448 44 2 9
2449 13 2 9
2450 369 2 9
2451 49 2 9
2452 141 2 9
2453 353 2 9
2454 105 2 9
2455 380 2 9
2456 228 2 4
2457 114 1 9
2458 111 2 4
2459 89 2 9
2460 240 2 9
2461 134 2 9
2462 43 2 9
2463 234 2 9
2464 133 2 9
2465 384 2 9
2466 279 2 9
2467 119 2 9
2468 121 2 9
2469 258 2 9
2470 156 2 9
2471 133 2 9
2472 25 2 4
2473 397 2 9
2474 29 2 9
2475 97 2 9
2476 341 2 9
2477 253 2 9
2478 110 2 9
2479 349 2 9
2480 86 2 9
2481 252 2 9
2482 296 2 9
2483 102 2 9
2484 310 2 9
2485 14 2 9
2486 242 2 9
2487 317 2 9
2488 102 2 9
2489 104 2 9
2490 223 2 9
2491 143 2 9
2492 363 2 9
2493 41 2 9
2494 180 2 9
2495 310 2 4
2496 67 2 4
2497 361 2 9
2498 27 2 9
2499 370 2 9
2500 224 2 9
2501 285 2 9
2502 399 2 9
2503 336 2 9
2504 128 2 9
2505 279 2 9
2506 240 2 9
2507 12 2 9
2508 193 2 9
2509 174 2 9
2510 69 2 9
2511 332 2 9
2512 143 2 9
2513 255 2 9
2514 338 2 9
2515 45 2 9
2516 326 2 9
2517 71 2 9
2518 87 2 9
2519 109 2 9
2520 366 2 9
2521 105 2 9
2522 233 1 9
2523 261 2 4
2524 354 2 9
2525 239 2 9
2526 233 2 9
2527 167 2 9
2528 135 2 9
2529 232 2 9
2530 211 2 9
2531 328 2 9
2533 53 2 9
2534 200 2 9
2535 256 2 9
2536 166 2 9
2537 363 2 9
2538 115 2 9
2539 278 2 9
2540 7 2 9
2541 308 2 9
2542 381 2 9
2543 13 2 9
2544 218 2 9
2545 390 2 4
2546 300 2 9
2547 225 2 9
2548 255 2 9
2549 112 2 4
2550 54 2 9
2551 71 2 9
2552 90 2 9
2553 130 2 4
2554 217 2 9
2555 46 2 9
2556 156 2 9
2557 208 2 9
2558 27 2 9
2559 299 2 9
2560 29 2 4
2561 131 2 9
2562 139 2 9
2563 365 2 9
2564 20 2 9
2565 144 2 4
2566 100 2 9
2567 377 2 9
2568 143 2 9
2569 337 2 4
2570 325 2 9
2571 375 2 9
2572 357 2 4
2573 50 2 9
2574 95 2 9
2575 269 2 9
2576 1 2 9
2577 187 2 9
2578 273 2 9
2579 186 2 9
2580 225 2 9
2581 381 2 4
2582 349 2 9
2583 219 2 9
2584 317 2 9
2585 370 2 9
2586 41 2 9
2587 332 2 9
2588 383 2 4
2589 234 2 9
2590 125 2 9
2591 244 2 9
2592 133 2 9
2593 367 2 9
2594 144 2 9
2595 336 2 9
2596 69 2 9
2597 387 2 9
2598 264 2 9
2599 112 2 9
2600 385 2 9
2601 269 2 9
2602 17 2 9
2603 385 2 9
2604 385 2 4
2605 345 2 9
2606 271 2 9
2607 170 2 9
2608 86 2 9
2609 92 2 9
2611 371 2 4
2612 201 2 4
2613 242 2 9
2614 397 2 4
2615 333 2 9
2616 179 2 9
2617 316 2 9
2618 119 2 9
2619 320 2 9
2620 384 2 9
2621 231 2 9
2622 204 2 9
2623 320 2 9
2624 240 2 9
2625 392 2 4
2626 354 2 9
2627 364 2 9
2628 291 2 9
2629 243 2 9
2630 8 2 9
2631 78 2 4
2632 243 2 9
2633 69 2 4
2634 370 2 4
2635 350 2 9
2636 273 2 9
2637 53 2 9
2638 150 2 9
2639 19 2 9
2640 133 2 9
2641 85 2 9
2642 137 2 9
2643 86 2 9
2644 81 2 9
2645 312 2 9
2646 15 2 9
2647 334 2 9
2648 324 2 9
2649 164 2 9
2650 203 2 4
2651 31 2 9
2652 152 2 9
2653 323 2 9
2654 161 2 9
2655 153 2 9
2656 291 2 9
2657 226 2 9
2658 233 2 9
2659 39 2 9
2660 287 2 9
2661 312 2 9
2662 124 2 9
2663 234 2 9
2664 88 2 9
2665 299 2 9
2666 289 2 9
2667 52 2 9
2668 263 2 9
2669 360 2 4
2670 328 2 9
2671 300 2 9
2672 256 2 9
2673 381 2 9
2674 284 2 9
2675 286 2 4
2676 21 2 9
2677 358 2 9
2678 356 2 4
2679 272 2 9
2680 226 2 9
2682 251 2 9
2683 141 2 9
2684 269 2 9
2685 180 2 9
2686 326 2 9
2687 324 2 9
2688 31 2 9
2689 71 2 9
2690 177 2 9
2691 16 2 9
2692 23 2 9
2693 325 2 9
2694 272 2 9
2695 129 2 9
2696 188 2 9
2697 371 2 9
2698 7 2 9
2699 272 2 4
2700 315 2 9
2701 197 2 9
2702 20 2 9
2703 210 2 9
2704 188 2 9
2705 254 2 9
2706 103 2 9
2707 114 2 9
2708 400 2 9
2709 244 2 9
2710 58 2 9
2711 21 2 9
2712 395 2 9
2713 333 2 9
2714 323 2 9
2715 254 2 9
2716 180 2 9
2717 229 2 9
2718 362 2 9
2719 60 2 9
2720 355 2 9
2721 45 2 9
2722 224 2 9
2723 353 2 9
2724 147 2 9
2725 357 2 9
2726 165 2 9
2727 310 2 9
2728 313 2 9
2729 14 2 9
2730 35 2 9
2731 351 2 4
2732 26 2 9
2733 237 2 9
2734 184 2 9
2735 324 2 9
2736 297 2 9
2737 58 1 9
2738 261 2 9
2739 57 2 9
2740 166 2 9
2741 182 2 9
2742 151 2 4
2743 60 2 9
2744 18 2 9
2745 108 2 9
2746 347 2 9
2747 316 2 9
2748 369 2 9
2749 200 2 9
2750 142 2 9
2751 116 2 9
2752 114 2 9
2753 173 2 9
2754 296 2 4
2755 128 2 9
2756 325 2 4
2757 386 2 9
2758 342 2 9
2759 26 2 9
2761 5 2 9
2762 30 2 9
2763 76 2 9
2764 27 2 9
2765 3 2 9
2766 263 2 9
2767 298 1 9
2768 270 2 4
2769 3 2 9
2770 228 2 9
2771 7 2 4
2772 206 2 9
2773 398 2 9
2774 108 2 9
2775 6 2 9
2776 60 2 9
2777 291 2 9
2778 3 2 9
2779 365 2 9
2780 96 2 4
2781 343 2 9
2782 129 2 9
2783 168 2 9
2784 359 2 4
2785 315 2 9
2786 89 2 9
2787 237 2 9
2788 392 2 9
2789 31 2 9
2790 390 2 9
2791 314 2 9
2792 65 2 9
2793 106 2 9
2794 345 2 9
2795 173 2 9
2796 220 2 9
2797 124 2 9
2798 71 2 9
2799 13 2 9
2800 63 2 9
2801 183 2 9
2802 198 2 9
2803 361 1 9
2804 256 2 4
2805 208 2 9
2806 290 2 4
2807 280 2 9
2808 275 2 4
2809 66 2 9
2810 372 2 9
2811 311 2 9
2812 183 2 9
2813 243 2 9
2814 311 2 4
2815 60 2 9
2816 343 2 9
2817 310 2 9
2818 229 2 9
2819 337 2 9
2820 199 2 9
2821 285 2 9
2822 113 2 9
2823 122 2 9
2824 106 2 9
2825 61 2 4
2826 166 2 4
2827 361 2 9
2828 298 2 9
2829 347 2 9
2830 41 2 9
2831 306 2 9
2833 350 2 9
2834 213 2 9
2835 15 2 9
2836 378 2 9
2837 222 2 4
2838 224 2 9
2839 186 2 9
2840 28 2 9
2841 189 2 9
2842 323 2 9
2843 192 2 9
2844 231 2 9
2845 250 2 9
2846 105 2 9
2847 90 2 9
2848 335 2 9
2849 315 2 9
2850 325 2 9
2851 32 2 9
2852 255 2 9
2853 344 2 9
2854 148 2 9
2855 114 2 9
2856 186 2 9
2857 315 2 9
2858 246 2 9
2859 64 2 4
2860 203 2 9
2861 307 2 9
2862 126 2 9
2863 173 2 9
2864 226 2 9
2865 16 2 9
2866 160 2 9
2867 298 2 9
2868 365 2 9
2869 291 2 9
2870 85 2 9
2871 153 2 9
2872 263 2 9
2873 269 2 9
2874 278 2 9
2875 168 2 9
2876 203 2 9
2877 76 2 9
2878 156 2 9
2879 348 2 9
2880 347 2 9
2881 32 2 9
2882 231 2 9
2883 205 2 4
2884 385 2 9
2885 168 2 4
2886 231 2 9
2887 228 2 9
2888 167 2 9
2889 17 2 9
2890 119 2 9
2891 288 2 9
2892 43 2 9
2893 314 2 4
2894 31 2 9
2895 194 2 4
2896 287 2 9
2897 80 2 4
2898 247 2 4
2899 334 2 9
2900 369 1 9
2901 114 2 9
2902 386 2 9
2903 245 2 9
2904 319 2 9
2905 390 2 9
2906 315 2 9
2908 382 2 4
2909 87 2 9
2910 54 2 9
2911 268 2 9
2912 243 2 4
2913 46 2 9
2914 74 2 9
2915 388 2 9
2916 144 2 9
2917 0 2 9
2918 285 2 9
2919 349 2 9
2920 183 2 9
2921 298 2 9
2922 314 2 9
2923 251 2 9
2924 342 2 9
2925 338 2 9
2926 192 2 9
2927 386 2 4
2928 73 2 9
2929 72 2 9
2930 16 2 9
2931 5 2 4
2932 279 2 9
2933 165 2 9
2934 342 2 9
2935 299 2 4
2936 15 2 9
2937 226 2 9
2938 240 2 9
2939 224 2 9
2940 48 2 9
2941 338 2 4
2942 385 2 9
2943 99 2 9
2944 38 2 4
2945 138 2 9
2946 358 2 9
2947 49 2 4
2948 325 2 9
2949 204 2 9
2950 57 2 9
2951 328 2 9
2952 21 2 9
2953 389 2 9
2954 379 2 4
2955 187 2 9
2956 67 2 9
2957 375 2 9
2958 156 2 9
2959 351 2 9
2960 278 2 9
2961 28 2 9
2962 117 2 9
2963 216 2 9
2964 149 2 9
2965 61 2 9
2966 370 2 9
2967 304 2 9
2968 67 2 9
2969 242 2 4
2970 186 2 9
2971 227 2 9
2972 194 2 9
2973 376 2 9
2974 135 2 9
2975 74 2 9
2976 196 2 4
2977 245 2 9
2978 260 2 9
2979 30 2 9
2980 48 2 9
2981 68 2 4
2982 189 2 9
2983 142 2 9
2984 219 2 9
2986 90 2 9
2987 260 2 9
2988 189 2 4
2989 224 2 9
2990 358 2 9
2991 262 2 9
2992 173 2 9
2993 42 2 9
2994 127 2 9
2995 281 2 9
2996 355 2 9
2997 265 2 9
2998 218 2 9
2999 275 2 9
3000 85 2 9
3001 315 2 9
3002 102 2 9
3003 323 2 9
3004 311 2 9
3005 34 2 9
3006 138 2 9
3007 349 2 9
3008 38 2 9
3009 185 2 9
3010 262 2 9
3011 335 2 9
3012 141 2 4
3013 180 2 9
3014 202 2 4
3015 339 2 4
3016 355 2 4
3017 270 2 9
3018 242 2 4
3019 285 2 4
3020 250 2 4
3021 140 2 9
3022 164 2 9
3023 167 2 9
3024 107 2 9
3025 38 2 9
3026 372 2 9
3027 75 1 9
3028 107 2 9
3029 7 1 9
3030 30 2 9
3031 170 2 9
3032 123 2 9
3033 334 2 9
3034 107 2 9
3035 69 2 9
3036 270 2 4
3037 293 1 9
3038 157 2 9
3039 194 2 9
3040 43 2 4
3041 135 2 9
3042 15 2 9
3043 186 2 9
3044 74 2 9
3045 223 2 9
3046 111 2 9
3047 119 2 9
3048 216 2 9
3049 285 2 4
3050 299 2 9
3051 182 2 9
3052 17 2 9
3053 75 2 9
3054 110 2 4
3055 265 2 9
3056 124 2 9
3057 333 2 9
3058 302 2 9
